Resultado para ID 2a3e7cee-62fe-49d3-8e04-8f204caf205f:
{'matches': [{'id': '2a3e7cee-62fe-49d3-8e04-8f204caf205f',
              'metadata': {'text': 'RASA es altamente personalizable y permite '
                                   'entrenar modelos para diferentes lenguajes '
                                   'y dominios específicos.'},
              'score': 1.00187254,
              'values': [-0.0184188709,
                         -0.00967248,
                         0.00887501426,
                         -0.0153447716,
                         0.00184574572,
                         0.00885572098,
                         0.00240847305,
                         0.0182516612,
                         -0.0156920552,
                         -0.0387928188,
                         -0.0174799208,
                         0.0308181662,
                         -0.00832836516,
                         -0.00957601238,
                         -0.00656622462,
                         -0.00885572098,
                         -0.0119941318,
                         -0.00819331,
                         0.0267022178,
                         -0.000725114427,
                         0.00168818212,
                         0.00688135205,
                         -0.0147531042,
                         -0.0183931459,
                         -0.0370692648,
                         0.0204125326,
                         0.0175442323,
                         -0.012617955,
                         -0.000346479268,
                         -0.022933552,
                         0.0250815637,
                         0.0150489379,
                         -0.0100647807,
                         -0.0153576341,
                         -0.00965318643,
                         -0.0051899543,
                         -0.00257407571,
                         -0.0065855179,
                         0.00528642163,
                         0.0190748498,
                         0.0102577163,
                         0.0138141531,
                         0.0219302904,
                         -0.0148560023,
                         0.00263195625,
                         0.0237438791,
                         -0.0226891674,
                         -0.00988470856,
                         -0.0330562145,
                         0.00754376221,
                         -0.00746015692,
                         0.0103284586,
                         -0.0209141653,
                         -0.0107336231,
                         -0.00697781937,
                         0.00143254315,
                         -0.0134154204,
                         0.00660481164,
                         0.0255703311,
                         0.00174767047,
                         0.0129330829,
                         0.000116464471,
                         -0.0237824656,
                         0.00154267694,
                         -0.00563048944,
                         0.0171455,
                         0.00818044785,
                         0.0247085541,
                         0.0343424492,
                         0.00974322204,
                         0.0166567303,
                         -0.00364968902,
                         0.00017977129,
                         -0.0115568126,
                         0.00604529958,
                         0.0104056327,
                         -0.0100454874,
                         0.00596169475,
                         -0.000688135158,
                         0.00396160083,
                         -0.00199527037,
                         -0.0167596284,
                         -0.0174799208,
                         0.00797465071,
                         0.040773619,
                         0.0207212288,
                         -0.0142000234,
                         -0.00822546612,
                         -0.0341881,
                         -0.00600671256,
                         0.0126115242,
                         0.00901006907,
                         0.0107464846,
                         0.0168882515,
                         -0.0255960561,
                         0.00292135892,
                         0.0211328249,
                         0.0116339866,
                         -0.00897148252,
                         -0.034291,
                         -0.00747301942,
                         0.0134411454,
                         -0.0441435501,
                         -0.0120327193,
                         -0.0174413323,
                         0.0174156073,
                         0.0167596284,
                         0.0139556387,
                         0.0128108906,
                         0.00444393838,
                         -0.0351141877,
                         0.0212743096,
                         -0.000473896827,
                         -0.0245670695,
                         0.003820115,
                         -0.0100326249,
                         0.0175313689,
                         -0.00740227662,
                         -0.0164766572,
                         -0.024631381,
                         0.000541022164,
                         0.00537324231,
                         0.00205958216,
                         -0.00818688,
                         0.010212698,
                         -0.00819974206,
                         0.00508062448,
                         -0.0125150569,
                         -0.0167081803,
                         0.00485231774,
                         -0.0132096233,
                         -0.00646332558,
                         0.000436515664,
                         0.0154733947,
                         -0.0255960561,
                         0.0447609425,
                         -0.0416225307,
                         0.0150489379,
                         0.000358738704,
                         0.0268565658,
                         0.000584432564,
                         0.016065063,
                         -0.0243226849,
                         0.00410630181,
                         0.0095117,
                         0.0153833581,
                         -0.00227824203,
                         -0.00568836974,
                         0.0317957029,
                         0.0273453351,
                         0.0167467669,
                         -0.0479508042,
                         -0.0204382576,
                         0.00389728905,
                         0.00502917496,
                         0.00120262883,
                         0.018779017,
                         0.0121163242,
                         -0.0226248559,
                         -0.00285383174,
                         0.00571409473,
                         0.0219045654,
                         0.00500666583,
                         0.00366255129,
                         0.0365033224,
                         0.0188690517,
                         0.0219946019,
                         -0.0231522117,
                         -0.00327668106,
                         -0.000401144236,
                         0.00116886513,
                         0.0378410034,
                         -0.0130809993,
                         0.00781387184,
                         0.0125793684,
                         -0.00675915973,
                         0.00503560621,
                         -0.00385227078,
                         -0.0149460388,
                         0.00810970552,
                         0.0100004692,
                         -0.00710644294,
                         0.00591989188,
                         0.00604851544,
                         -0.027190987,
                         -0.0174284708,
                         0.00600992842,
                         0.0103670461,
                         0.0189205017,
                         0.00915155467,
                         0.000310705887,
                         0.0302264988,
                         0.0276025813,
                         -0.0176214054,
                         -0.642088,
                         -0.0133511089,
                         -0.00746015692,
                         0.00582985533,
                         0.0388699919,
                         0.0294290334,
                         0.0125021944,
                         0.0034374604,
                         0.00715789199,
                         -0.0491084121,
                         -0.024425583,
                         -0.0187918786,
                         0.00308374595,
                         -0.0340594761,
                         -0.0246185195,
                         -0.0276283063,
                         0.0004385254,
                         -0.0223418847,
                         0.0077817156,
                         0.016245136,
                         -0.0038554864,
                         0.00635399576,
                         -0.0402334,
                         0.000993615715,
                         0.000790632,
                         -0.021917427,
                         0.0154348081,
                         -0.0123864338,
                         -0.0300721508,
                         -0.00436676433,
                         -0.0294033084,
                         0.000353915326,
                         0.023615256,
                         0.0119684068,
                         0.0454040617,
                         -0.0157563668,
                         -0.0177243035,
                         0.040516369,
                         -0.00614498276,
                         0.027139537,
                         -0.0234866329,
                         0.0151389744,
                         0.00613855151,
                         0.0153061841,
                         0.0242840983,
                         -0.00661767367,
                         0.00755019346,
                         -0.00992329512,
                         -0.0261362754,
                         0.00778814685,
                         0.000499621499,
                         -0.0392558612,
                         -0.0133382464,
                         0.00554688415,
                         0.0165409688,
                         0.0163608957,
                         0.0323873721,
                         -0.0070357,
                         -0.0136983916,
                         -0.0108686769,
                         -4.96154717e-05,
                         0.000421643577,
                         -0.015151836,
                         -0.0401562266,
                         0.00344710704,
                         0.0145730311,
                         0.00327024981,
                         -0.00709358044,
                         0.018727567,
                         -0.0273710601,
                         -0.00751803769,
                         0.0015201678,
                         0.00215122639,
                         -0.0178272035,
                         -0.0133896954,
                         0.0350112878,
                         0.0189205017,
                         0.00257729134,
                         0.00220910693,
                         -0.0028683017,
                         0.0387413688,
                         -0.0191391613,
                         -0.0178657901,
                         0.00973679125,
                         0.0140842618,
                         -0.016039338,
                         -0.00646011,
                         -0.0132353473,
                         -0.00136180024,
                         0.0101162307,
                         0.0150232129,
                         0.025493158,
                         -0.0266507678,
                         -0.0103477528,
                         -0.0111130616,
                         -0.00382333063,
                         0.00597134139,
                         0.0316928066,
                         0.0148045532,
                         -0.0218402538,
                         0.0013642119,
                         0.00022689972,
                         0.0249272157,
                         0.0133896954,
                         0.00711287418,
                         0.00833479594,
                         -0.00589416735,
                         0.0230235886,
                         -0.00919014215,
                         -0.0171840861,
                         0.00534108654,
                         0.0154733947,
                         -0.00459507108,
                         -0.0124121578,
                         0.00248243171,
                         -0.0311011374,
                         0.0114539135,
                         0.0140328128,
                         0.0103927711,
                         -0.0105021009,
                         -0.00628003757,
                         -0.0132610723,
                         0.00745372614,
                         -0.00167531974,
                         0.00869494211,
                         -0.00891360175,
                         -0.0224833693,
                         0.00563692069,
                         0.0228949655,
                         0.00119941321,
                         -0.00254192,
                         -0.0234866329,
                         0.00417704508,
                         -0.0119684068,
                         0.0247600041,
                         -0.00111741573,
                         0.0349083915,
                         0.00723506603,
                         -0.00695209485,
                         -0.00967891049,
                         -0.0225476827,
                         0.00292457454,
                         0.0188176036,
                         0.0116018308,
                         -0.0257632677,
                         -0.0249915272,
                         -0.0240268502,
                         0.014418683,
                         -0.0118011972,
                         -0.0173512958,
                         0.0189462267,
                         -0.0332362875,
                         -0.0132482098,
                         0.0126501117,
                         0.0136855301,
                         -0.00304998225,
                         -0.024682831,
                         -0.010945851,
                         0.000296838698,
                         -0.0357830301,
                         -0.0127144232,
                         0.00446644751,
                         0.00457899319,
                         0.0121549116,
                         -0.0140070878,
                         -0.0107786404,
                         -0.0044246451,
                         0.0250687,
                         -0.0229464136,
                         -0.0226634424,
                         0.00588130485,
                         -0.0215701442,
                         0.00363039551,
                         0.0109329885,
                         0.00747945067,
                         0.00608067121,
                         -0.035705857,
                         -0.0115953991,
                         -0.00263356417,
                         -0.0214672461,
                         -0.00957601238,
                         0.0227406174,
                         -0.00945382,
                         -0.0148817273,
                         0.020425396,
                         0.0206569172,
                         0.000626235153,
                         0.0218531154,
                         -0.0225862693,
                         0.0130488435,
                         0.0274739582,
                         0.0128687713,
                         -0.00493270718,
                         0.0360917263,
                         -0.00469475426,
                         0.00420920085,
                         -0.00747945067,
                         -0.00900363829,
                         -0.00397446286,
                         0.00873996,
                         0.00586201157,
                         0.00724792853,
                         0.0186118055,
                         -0.00849557575,
                         -0.00214479514,
                         -0.0291460622,
                         0.00796178821,
                         -0.0181616247,
                         0.0264192466,
                         0.0114732068,
                         0.0158335399,
                         -0.000876246893,
                         -0.0166567303,
                         -0.0125986617,
                         -0.00964675471,
                         0.0112995654,
                         0.00122513785,
                         -0.0052606971,
                         -0.0300207,
                         0.000274932507,
                         -0.000253830251,
                         0.00791677,
                         0.025493158,
                         -0.00711287418,
                         -0.00737012085,
                         -0.0104120644,
                         -0.0122320857,
                         0.00591989188,
                         0.0293004103,
                         -0.0267279427,
                         0.00899720658,
                         0.00313358754,
                         0.00261266273,
                         0.0124636078,
                         0.000895540405,
                         -0.00659838039,
                         0.0147659658,
                         -0.0134668695,
                         0.0425228961,
                         0.00662410492,
                         0.00449217204,
                         -0.0172741227,
                         -0.00187468599,
                         -0.00750517519,
                         0.0175185073,
                         -0.00410630181,
                         0.0199494883,
                         -0.00233451463,
                         -0.0332362875,
                         0.0104635134,
                         -0.0139041897,
                         -0.00123800023,
                         -0.0232551098,
                         -0.00556296203,
                         -0.000214439322,
                         -0.0182002112,
                         0.0326960683,
                         0.0138141531,
                         0.00708071794,
                         0.013505457,
                         0.01055355,
                         0.0430631153,
                         0.0247985907,
                         -0.00492306054,
                         0.00724149728,
                         -0.00746015692,
                         -0.0182387978,
                         -0.0132353473,
                         -0.0068620583,
                         0.000632666342,
                         -0.0183159728,
                         -0.0257504042,
                         -0.0014687184,
                         -0.0178657901,
                         -0.00197919249,
                         0.00393909169,
                         -0.0313069336,
                         0.0208627153,
                         0.00345032266,
                         0.0326188952,
                         -0.00393909169,
                         -0.017685717,
                         0.037223611,
                         0.0047044009,
                         0.0237181541,
                         -0.00076490728,
                         -0.0186503921,
                         0.0025194108,
                         -0.0188176036,
                         0.0160522,
                         0.0166824553,
                         0.00958244316,
                         -0.0344710723,
                         -0.00669484772,
                         -0.0220460501,
                         0.0358344801,
                         0.0403620228,
                         -0.0253902581,
                         -0.0229464136,
                         -0.0133639714,
                         0.00147675734,
                         -0.0154348081,
                         -0.00422527874,
                         -0.0355772339,
                         0.0252744984,
                         0.000331808173,
                         -0.0376352072,
                         -0.000227502635,
                         -0.0108879711,
                         -0.0143286465,
                         0.000993615715,
                         -0.000627441041,
                         0.00355643709,
                         -0.0248243157,
                         0.0371207148,
                         0.0171197746,
                         0.00886858348,
                         -0.0141099868,
                         0.0392815843,
                         0.0112609789,
                         0.0116790049,
                         -0.0181101747,
                         0.00541182933,
                         -0.00110857293,
                         0.00630897749,
                         0.019383546,
                         -0.0221746732,
                         -0.0116854357,
                         -0.0150489379,
                         -0.0182259362,
                         -0.0356286801,
                         -0.00845698826,
                         -0.00412881095,
                         0.000213836407,
                         -0.0312297605,
                         0.00692637,
                         0.0323359221,
                         0.0195121691,
                         -0.0106178615,
                         0.021029925,
                         2.22327562e-05,
                         -0.0238339156,
                         -0.0130166877,
                         0.00755662471,
                         0.022071775,
                         -0.00554366829,
                         0.0123478463,
                         0.0158464033,
                         0.0201810114,
                         -0.00565942936,
                         0.0227406174,
                         0.0192549229,
                         -0.000232727965,
                         -0.0343167223,
                         0.0283485968,
                         0.01522901,
                         0.0151646985,
                         -0.0017717873,
                         -0.000194944834,
                         0.0313583836,
                         -0.00610318035,
                         -0.0209270269,
                         -0.00276218751,
                         0.0100261942,
                         0.0241811983,
                         0.0090165,
                         -0.00557904,
                         0.00250011729,
                         0.0129909636,
                         -0.00361753302,
                         -0.0127594415,
                         0.0120134251,
                         -0.0137498416,
                         -0.0457127579,
                         0.00535394903,
                         0.0119684068,
                         -0.0349083915,
                         0.0112545472,
                         0.00510313315,
                         0.0306380931,
                         0.037326511,
                         -0.00215926534,
                         -0.0486453697,
                         -0.0226634424,
                         -0.0125665059,
                         -0.00331205246,
                         -0.0144958571,
                         -0.00556296203,
                         0.00140601455,
                         -0.0156406052,
                         -0.0183545593,
                         0.00631540874,
                         -0.0370435379,
                         0.00380082149,
                         0.00832193438,
                         -0.033879403,
                         -0.0298663527,
                         0.0116211241,
                         0.0345482454,
                         0.00598741928,
                         0.014444408,
                         -0.0134025579,
                         -0.00394873833,
                         0.0246442426,
                         0.0193706844,
                         0.00604529958,
                         0.00373329408,
                         -0.0235509444,
                         -0.00177500292,
                         -0.0027975589,
                         -0.0280913506,
                         -0.0282971486,
                         -0.0258661658,
                         -0.0197051056,
                         0.00502917496,
                         -0.00811613631,
                         0.0139685012,
                         0.0182516612,
                         -0.00711930497,
                         0.0200266633,
                         0.00121388328,
                         0.00305802142,
                         -0.0154991196,
                         -0.0148688648,
                         -0.0106950356,
                         -0.0213772096,
                         -0.0495971814,
                         -0.0236023944,
                         0.0121291867,
                         0.0015274029,
                         0.00085213,
                         -0.016065063,
                         -0.0290431641,
                         0.00861776806,
                         0.00657587126,
                         0.00464652,
                         0.013505457,
                         -0.0141099868,
                         -0.00338601088,
                         -0.00678488426,
                         -0.00640223,
                         0.0136726676,
                         0.00721577276,
                         -0.0100261942,
                         0.00647940394,
                         -0.0289659891,
                         0.0158078149,
                         0.0279627275,
                         -0.0138270156,
                         -0.000399335462,
                         0.024399858,
                         0.00401626574,
                         -0.00688135205,
                         0.00850200653,
                         0.0068749208,
                         0.0170426,
                         -0.0333649106,
                         0.000234134786,
                         -0.0139299138,
                         -0.0190748498,
                         -0.0124700386,
                         0.0103606144,
                         -0.00494556967,
                         -0.00578162167,
                         -0.0111966673,
                         0.0120391501,
                         -0.00391979795,
                         -0.0225605443,
                         -0.0156148802,
                         -0.0282456987,
                         0.000752446882,
                         0.0180587247,
                         -0.00557260867,
                         0.0347025916,
                         0.00530571537,
                         0.0398475304,
                         -0.0261491369,
                         -0.0299949758,
                         0.0127851656,
                         0.0137112541,
                         0.0060967491,
                         -0.0119941318,
                         6.20507417e-05,
                         0.0279370025,
                         0.0182645228,
                         -0.00664983,
                         -0.00582985533,
                         0.00399054075,
                         -0.000718683237,
                         0.0051224269,
                         -0.018496044,
                         0.0191648863,
                         -0.0117111607,
                         0.0220074635,
                         0.0195764806,
                         0.0124250203,
                         0.0141228493,
                         -0.0443493463,
                         -0.0017010445,
                         -0.000892324839,
                         -0.011074475,
                         -0.0230493136,
                         -0.0142386099,
                         -0.0050388216,
                         0.00363039551,
                         0.0139427762,
                         0.00684276503,
                         0.0202710479,
                         -0.0154733947,
                         0.00224930164,
                         0.0289402641,
                         -0.0189462267,
                         0.010997301,
                         0.0164380707,
                         0.0234609079,
                         -0.00788461417,
                         0.00702926889,
                         0.0144829946,
                         0.00853416231,
                         0.00532500865,
                         -0.00922229793,
                         -0.042291373,
                         -0.000392502348,
                         0.0263677966,
                         0.0125986617,
                         -0.00679774676,
                         0.00304837455,
                         0.00475906581,
                         0.00276540313,
                         0.00593596976,
                         0.0158206783,
                         -0.0107207606,
                         0.00675915973,
                         -0.0253773965,
                         -0.0215701442,
                         -0.0295062084,
                         0.00431531481,
                         -0.000496807857,
                         -0.00375901884,
                         -0.0157306418,
                         -0.00359823951,
                         0.026123412,
                         -0.0407993421,
                         0.00421241624,
                         0.00675272848,
                         -0.00645367894,
                         0.0258404408,
                         -0.00977537874,
                         0.00740227662,
                         0.0404906459,
                         -0.010186973,
                         -0.00291814329,
                         0.0127915973,
                         0.00789104588,
                         -0.0187404286,
                         0.0110873366,
                         0.0265221447,
                         -0.00797465071,
                         -0.00242455117,
                         0.00190201856,
                         0.0268822908,
                         -0.0211199615,
                         -0.0224576462,
                         0.00953099411,
                         -0.00656300876,
                         0.0454297848,
                         -0.0197822787,
                         -0.0122642415,
                         0.0018232367,
                         0.0206054691,
                         -0.0268822908,
                         0.0082576219,
                         -0.00417061383,
                         -0.00765309203,
                         -0.0226505809,
                         0.0222647097,
                         -0.00537324231,
                         0.0114989318,
                         0.00359502411,
                         0.0116725732,
                         -0.000479122158,
                         0.0126629733,
                         -0.0177757535,
                         -0.0320529528,
                         0.00991043262,
                         0.043963477,
                         0.00746015692,
                         0.0131195867,
                         0.00892003253,
                         0.0269080158,
                         0.0090936739,
                         0.0268822908,
                         0.00150007044,
                         0.0198208652,
                         -0.000156056354,
                         -0.0230493136,
                         0.00173320028,
                         -0.0181230363,
                         0.0131517425,
                         -0.00410308642,
                         -0.00321397721,
                         0.0124185896,
                         -0.0189076401,
                         0.0104056327,
                         0.00361431763,
                         -0.000746819598,
                         -0.00497451,
                         -0.0131453117,
                         0.00058523647,
                         -0.0476163812,
                         -0.035705857,
                         -0.00547292549,
                         0.0205154326,
                         0.0424199961,
                         0.000133346286,
                         0.0105342567,
                         -0.0241168868,
                         0.0333134606,
                         0.0115761058,
                         0.00115359109,
                         0.00805825554,
                         0.0132096233,
                         -0.0386384688,
                         0.00777528435,
                         -0.0178272035,
                         0.00563692069,
                         -0.0397189073,
                         0.0134540079,
                         -0.00794892572,
                         -0.0217888039,
                         0.0415453576,
                         -0.000346278306,
                         -0.00902293157,
                         -0.0106693106,
                         0.0133639714,
                         -0.0137884282,
                         0.0141228493,
                         -0.0170168765,
                         0.000185298079,
                         0.00388121116,
                         0.00179911975,
                         -0.0190362632,
                         0.00460150233,
                         0.00164236,
                         0.0145344445,
                         -0.0185989439,
                         0.0157177802,
                         -0.0333906338,
                         -0.0115761058,
                         0.00907438062,
                         0.00640223,
                         -0.00828334689,
                         -0.023589531,
                         -0.0104828067,
                         -0.00258050696,
                         -0.017055463,
                         0.00808398053,
                         0.00611604284,
                         0.00298406277,
                         0.000674870913,
                         -0.0246185195,
                         0.00327024981,
                         0.00910010561,
                         -0.0324645452,
                         0.00879784,
                         0.0111001991,
                         0.0132610723,
                         0.00742800115,
                         -0.0222647097,
                         -0.0235766694,
                         -0.00167371193,
                         0.0144829946,
                         -0.0200138018,
                         -0.00316735124,
                         -0.00903579406,
                         0.040516369,
                         0.0242326483,
                         -0.0403877459,
                         -0.00160296913,
                         0.0082704844,
                         -0.0285801198,
                         0.0139942262,
                         -0.00177661073,
                         0.0181230363,
                         -0.00314001879,
                         0.0261105504,
                         0.0164123457,
                         -0.00779457809,
                         0.00737012085,
                         0.0175570939,
                         -0.00733153382,
                         0.00661767367,
                         -0.0132096233,
                         -0.0175313689,
                         -0.0215058327,
                         -0.0100069009,
                         -0.024605656,
                         -0.00147273787,
                         0.010186973,
                         -0.0253516715,
                         0.0256475061,
                         0.00402269699,
                         -0.0125021944,
                         -0.0147402417,
                         0.00247278484,
                         0.0231393501,
                         -0.0207340922,
                         0.00762093626,
                         0.0270109139,
                         0.00544720097,
                         -0.0159107149,
                         0.0206311941,
                         -0.0205668807,
                         -0.0257118177,
                         0.00509670237,
                         0.00200652494,
                         0.0156406052,
                         0.00719004823,
                         -0.00978824,
                         0.00237792498,
                         -0.0139299138,
                         -0.0170683246,
                         0.00470761629,
                         -0.0106693106,
                         -0.0131453117,
                         0.0319500528,
                         0.00898434408,
                         -0.0175056439,
                         -0.0104763759,
                         0.00379439024,
                         0.00652442174,
                         0.0120327193,
                         -0.000725516351,
                         -0.0428573154,
                         0.0019968783,
                         -0.0265735947,
                         0.00358216162,
                         -0.0173641592,
                         -0.0175570939,
                         0.0161036495,
                         0.0117497472,
                         -0.0413910113,
                         0.0136855301,
                         0.0376094803,
                         -0.040722169,
                         0.0104249269,
                         -0.0023103978,
                         0.0227020308,
                         0.0015097172,
                         -0.0347797684,
                         0.0250043888,
                         -0.0215830058,
                         -0.0139685012,
                         -0.00225251727,
                         -0.00976894703,
                         0.00614498276,
                         0.0321815759,
                         0.0109008327,
                         -0.00769167906,
                         0.0260848254,
                         0.212382957,
                         -0.0201552864,
                         -0.00688135205,
                         0.0275511313,
                         0.0106693106,
                         0.0255446061,
                         0.014341509,
                         0.0290431641,
                         -0.0102062663,
                         0.00508705527,
                         -0.0132610723,
                         0.000629048795,
                         -0.0100261942,
                         0.00284257717,
                         0.0105857057,
                         -0.0222389866,
                         -0.0295576565,
                         -0.0342138223,
                         -0.015987888,
                         -0.0399761535,
                         0.0273710601,
                         0.00760807423,
                         -0.012695129,
                         -0.0143029224,
                         0.0287601929,
                         0.00787818339,
                         -0.0147145167,
                         -0.0157049168,
                         0.01522901,
                         -0.012199929,
                         -0.00697138812,
                         0.0149331763,
                         0.00892003253,
                         0.00590381399,
                         -0.0106371548,
                         -0.0140199503,
                         -0.00105310406,
                         -0.0158721283,
                         0.0326703452,
                         0.00348569406,
                         -0.00236023939,
                         0.00579448417,
                         0.0335449837,
                         -0.0216215942,
                         0.00667555444,
                         0.0211456865,
                         -0.00325577985,
                         -0.00674629724,
                         0.0152418725,
                         0.0187147055,
                         0.0175056439,
                         0.00970463548,
                         0.0103992019,
                         0.0114024645,
                         0.00643117,
                         0.00647618808,
                         0.00424457202,
                         0.0143286465,
                         0.00022629679,
                         0.00403877487,
                         -0.0181616247,
                         0.00438284222,
                         -0.00781387184,
                         0.0204382576,
                         -0.0182645228,
                         0.00955671817,
                         -0.00702926889,
                         0.00580413081,
                         0.0176985804,
                         0.000444554636,
                         -0.00869494211,
                         -0.0123414155,
                         -0.0102963028,
                         -0.00167531974,
                         -0.0464844964,
                         -0.0414167345,
                         0.0262391735,
                         0.0201552864,
                         0.0197951403,
                         0.0580348782,
                         0.0147273792,
                         0.00838624593,
                         -0.0165795553,
                         0.0134025579,
                         9.26992871e-05,
                         -0.018753292,
                         0.0300464258,
                         -0.0165924188,
                         -0.00524461921,
                         -0.0347797684,
                         0.00458542397,
                         -0.0090165,
                         0.00395516958,
                         -0.00346318493,
                         0.0146116186,
                         0.000102044578,
                         0.00747945067,
                         0.0302522238,
                         0.00505489949,
                         0.00184413802,
                         -0.0250301138,
                         0.0597841553,
                         0.0172998477,
                         0.034291,
                         -0.0223032981,
                         0.027113812,
                         0.00369149144,
                         -0.0108751087,
                         0.0156020187,
                         -0.0059456164,
                         -0.00292779016,
                         -0.00940237,
                         0.00957601238,
                         -0.0144572705,
                         -0.00340852,
                         -0.0171197746,
                         0.0129009271,
                         0.006804178,
                         0.0050516841,
                         -0.00537002692,
                         0.021081375,
                         -0.00636685826,
                         -0.0129395137,
                         0.0228177905,
                         0.00562405819,
                         -0.0242069233,
                         -0.0280913506,
                         -0.000607343623,
                         -0.00240204204,
                         -0.010656449,
                         0.0197565537,
                         -0.0263935216,
                         0.0119555453,
                         0.0140714,
                         0.0171583612,
                         -0.004624011,
                         0.0025547822,
                         -0.00450825,
                         -0.0138527397,
                         -0.0104892384,
                         -0.00501952833,
                         0.015203286,
                         -0.0062928996,
                         -0.00492949178,
                         0.0148302782,
                         -0.00473334128,
                         0.0236538425,
                         0.0190234,
                         -0.0171455,
                         -0.00379117462,
                         -0.0332620107,
                         0.00964032393,
                         -0.00796822,
                         0.000467465667,
                         0.0299178027,
                         -0.0029728082,
                         -0.0358859301,
                         0.00483945524,
                         0.00708714919,
                         0.0046915384,
                         -0.0582921244,
                         -0.0204897076,
                         0.00788461417,
                         -0.00499380333,
                         -0.0052478346,
                         -0.0243869964,
                         -0.160933599,
                         0.0089779133,
                         0.00881070271,
                         -0.0575203858,
                         0.00244223676,
                         0.0245156195,
                         0.01791724,
                         0.00257407571,
                         -0.0249143522,
                         -0.00632184,
                         0.00845698826,
                         -0.00796822,
                         -0.00464973599,
                         0.0077109728,
                         0.00263034855,
                         -0.0037847436,
                         -0.00465295138,
                         -0.00446001627,
                         0.0302779488,
                         0.015962163,
                         0.00823832862,
                         -0.0349855646,
                         -0.0111580798,
                         -0.00108686776,
                         0.00674629724,
                         -0.0427029692,
                         -0.0125472127,
                         -0.00424457202,
                         -0.00791033916,
                         -0.0317442566,
                         -0.0103992019,
                         0.0110294567,
                         0.0196665172,
                         0.0014228964,
                         0.00386834866,
                         0.0154991196,
                         0.0256089196,
                         0.00478157494,
                         -0.0246699676,
                         0.00951813161,
                         0.0183545593,
                         0.00415775133,
                         0.0126886982,
                         -0.00507419324,
                         -0.0214929692,
                         0.0258533023,
                         0.0103155971,
                         -0.0053989673,
                         0.0132224858,
                         -0.00704213092,
                         -0.00460150233,
                         -0.0233837347,
                         0.00700997515,
                         -0.00625431258,
                         0.0170683246,
                         0.024399858,
                         0.0153319091,
                         -0.00410951767,
                         0.00980753452,
                         -0.0185346324,
                         0.0169268399,
                         -0.0283228718,
                         0.0159493014,
                         0.00391015131,
                         -0.0126050934,
                         0.000877050799,
                         -0.0140456753,
                         0.014392958,
                         -0.00988470856,
                         0.00254835119,
                         0.00653406885,
                         0.0127723031,
                         -0.0155505687,
                         -0.00147756131,
                         0.000428878644,
                         0.0188561901,
                         0.00265124976,
                         0.00875925366,
                         0.0255574696,
                         -0.000630254683,
                         -0.022727754,
                         0.00690707657,
                         -0.00386834866,
                         -0.0145344445,
                         -0.00715789199,
                         0.014315784,
                         -0.00807111803,
                         -0.00837338343,
                         0.00767238578,
                         -0.00617392315,
                         0.0309725143,
                         -0.0151904235,
                         -0.00239561079,
                         -0.00986541435,
                         -0.0170168765,
                         0.00391015131,
                         0.00335707073,
                         -0.0199366268,
                         0.00953099411,
                         -0.0264192466,
                         0.0142386099,
                         0.00509991776,
                         0.00372686307,
                         -0.00593596976,
                         0.036066,
                         -0.00232808362,
                         -0.0170683246,
                         0.0146116186,
                         0.0381754264,
                         -0.0250944253,
                         0.0121034617,
                         0.00249207835,
                         0.00105230021,
                         0.0186118055,
                         -0.00237149396,
                         0.0178272035,
                         0.010630724,
                         -0.0119748386,
                         0.0237310175,
                         -0.00719004823,
                         0.0406449959,
                         -0.0266764928,
                         0.0166953169,
                         0.0313069336,
                         0.0118140588,
                         -0.025441708,
                         -0.0825762227,
                         -0.0357315801,
                         0.0225991309,
                         -0.00598420342,
                         -0.0181616247,
                         0.01687539,
                         -0.010186973,
                         0.0335449837,
                         -0.0506004468,
                         0.00984612107,
                         0.00361753302,
                         -0.00879784,
                         -0.00948597584,
                         -0.00340530439,
                         0.0315384567,
                         0.0138784647,
                         0.0160007514,
                         -0.0151904235,
                         -0.00784602761,
                         0.0147016542,
                         0.0185089074,
                         -0.0211714115,
                         0.0109265577,
                         0.00820617285,
                         -0.0121742049,
                         0.00473334128,
                         -0.0264192466,
                         -0.00296155387,
                         0.0196922421,
                         -0.0186503921,
                         -0.0141871609,
                         -0.0307152681,
                         0.0323102,
                         -0.0144829946,
                         0.0251458753,
                         0.0106628798,
                         -0.00281524472,
                         -0.00827691611,
                         0.0124121578,
                         0.00839267671,
                         0.0201810114,
                         -0.0109522827,
                         -0.00356608373,
                         -0.0111387866,
                         -0.0213386212,
                         -0.0190877132,
                         0.0196407922,
                         -0.00379439024,
                         0.000272520818,
                         -0.0446323194,
                         -0.0306123681,
                         -0.0128623396,
                         -0.0277826544,
                         -0.0146373427,
                         0.015254735,
                         0.00228788867,
                         0.0103155971,
                         -0.0136855301,
                         -0.00325899548,
                         -0.033827953,
                         -0.00527677499,
                         -0.0147273792,
                         -0.0206183307,
                         0.0126308175,
                         0.0130102569,
                         -0.0121098934,
                         -0.0285801198,
                         -0.00944095757,
                         0.0119555453,
                         0.0207726788,
                         -0.00532179326,
                         0.00453719031,
                         -0.00347926305,
                         0.0240139887,
                         -0.0336993299,
                         -0.000178263988,
                         -0.0358087532,
                         -0.0130166877,
                         0.00950526912,
                         -0.00123800023,
                         -0.00513528939,
                         -0.00864349212,
                         0.0047719283,
                         -0.0299178027,
                         0.0100840749,
                         0.0108043654,
                         0.00720934151,
                         -0.021081375,
                         -0.0114603452,
                         0.00780100934,
                         0.00226859516,
                         0.00518352306,
                         0.000276741281,
                         0.0127401473,
                         -0.00384262414,
                         0.00926088449,
                         -0.0140456753,
                         0.0122899655,
                         0.0103541836,
                         0.0188433286,
                         0.00274610962,
                         -0.0131581733,
                         -0.0583950244,
                         0.0192935094,
                         -0.00785889,
                         0.00697781937,
                         0.0131195867,
                         -0.0223547462,
                         0.0129459454,
                         -0.00316895894,
                         0.00735725835,
                         0.0106114307,
                         -0.0338536799,
                         -0.00720934151,
                         0.000876246893,
                         -0.0125214877,
                         -0.0213257596,
                         0.00543112308,
                         0.0225605443,
                         -0.00319789932,
                         0.0299692526,
                         0.000572374149,
                         -0.00496486342,
                         0.0208112653,
                         0.0034245979,
                         -0.00696495688,
                         -0.0174027458,
                         -0.00637972075,
                         -0.00917728,
                         0.00149122754,
                         -0.00530249951,
                         0.00239561079,
                         0.00583307119,
                         -0.0378410034,
                         -0.011415327,
                         0.007222204,
                         -0.0348826647,
                         -0.0220975,
                         0.00396160083,
                         0.038844265,
                         0.0207212288,
                         0.0332362875,
                         -0.020219598,
                         -0.0330819376,
                         0.0193706844,
                         -0.0259562023,
                         -0.00218499,
                         -0.0166953169,
                         -0.0198851768,
                         -0.0286058448,
                         0.0155377062,
                         0.0106693106,
                         0.0281170756,
                         0.026123412,
                         0.00209977687,
                         -0.0393844843,
                         -0.00586201157,
                         -0.0314098336,
                         0.0258918907,
                         -0.0122127915,
                         0.0171969477,
                         0.0106435865,
                         0.0379181765,
                         -0.000250212703,
                         0.000618598133,
                         -0.00396803208,
                         -0.0252487734,
                         0.00338279549,
                         0.00324613298,
                         0.000337636418,
                         0.0149846263,
                         -0.0250815637,
                         -0.0322330222,
                         0.0208112653,
                         0.00314001879,
                         0.000583628658,
                         0.0201810114,
                         -0.00169139775,
                         0.0121549116,
                         0.0154348081,
                         -0.017659992,
                         0.0414939076,
                         0.00919657294,
                         -0.0123928646,
                         -0.0150875244,
                         0.0469475389,
                         0.00228628097,
                         0.0444265231,
                         -0.00715789199,
                         -0.0384326726,
                         0.00128141057,
                         -0.0150360754,
                         -0.0072929468,
                         0.00675272848,
                         -0.0173255727,
                         0.0140714,
                         -0.0195507575,
                         0.00337314862,
                         0.0260848254,
                         -0.0109072644,
                         0.0107915029,
                         0.0281428,
                         0.00693923235,
                         -0.00711930497,
                         0.0043442552,
                         -0.0442979,
                         -0.00712573621,
                         0.0110358875,
                         -0.0100776432,
                         -0.00198401604,
                         -0.0042027696,
                         0.00835409,
                         0.0228949655,
                         -0.0110101625,
                         0.0073508271,
                         0.0089650508,
                         -0.02105565,
                         0.00912583061,
                         0.0129781011,
                         -0.0192935094,
                         -0.027190987,
                         0.0190877132,
                         0.0283743218,
                         0.0254031215,
                         0.0185089074,
                         -0.00164236,
                         0.000717075425,
                         0.0175699554,
                         0.0240654387,
                         -0.0249658022,
                         0.0221103616,
                         0.00161341974,
                         -0.00300978753,
                         0.0037525876,
                         -0.0140456753,
                         0.000934127427,
                         -0.0303551219,
                         0.00537645817,
                         -0.016798215,
                         0.0106371548,
                         -0.00966604799,
                         0.116481349,
                         0.0180201381,
                         0.0108236587,
                         0.00911939889,
                         -0.0189590883,
                         0.00270591467,
                         0.0150875244,
                         0.00350498757,
                         -0.00503239036,
                         0.00904865656,
                         0.00140842621,
                         0.00184735353,
                         -0.0188047402,
                         -0.00293261348,
                         0.00243259012,
                         0.00412881095,
                         0.00394230708,
                         0.0223290212,
                         -0.0256346427,
                         -0.0223804712,
                         0.0465359464,
                         0.00667555444,
                         -0.00408379314,
                         0.00920943543,
                         -0.0307409931,
                         0.00930590276,
                         0.0341109261,
                         0.0465873964,
                         -0.0116146933,
                         -0.0257246792,
                         0.0270109139,
                         -0.0179043766,
                         -0.0245284829,
                         -0.00436676433,
                         -0.0410051383,
                         0.0128944954,
                         0.0135697685,
                         0.020476846,
                         -0.00960816815,
                         -0.000160377298,
                         0.00985255279,
                         0.0201424249,
                         -0.0258918907,
                         -0.0416225307,
                         -0.00151614833,
                         0.0228306539,
                         -0.00193899777,
                         -0.0105342567,
                         0.000375017611]}],
 'namespace': 'Rasa01',
 'usage': {'read_units': 6}}

